;This file of saved keys created by pippi v2.2 on Tue Nov 26 17:07:41 2024
quantity_labels = 0:'multiplicity'                   1:'-lnlike'                        2:'thermal power (GW)'                   3:'$f_{^{235}U}$'                        4:'$f_{^{238}U}$'                   5:'$f_{^{239}Pu}$'                   6:'$f_{^{241}Pu}$' 
data_ranges = 2:{3.0380263078164443e-06, 5.105677332657458e-06} 3:{0.00026877016664373504, 0.8294594287872314} 4:{0.06066030263900757, 0.5238368511199951} 5:{0.00023708135712074974, 0.5582209229469299} 6:{0.0006121397018432617, 0.7763715478919895}
lookup_keys = 0:0 1:1 2:2 3:3 4:4 5:5 6:6
