;This file of saved keys created by pippi v2.2 on Thu Nov 28 16:02:25 2024
quantity_labels = 0:'multiplicity'                   1:'-lnlike'                        2:'fission rate $f_{^{235}U}$ (s$^{-1}$)'                        3:'fission rate $f_{^{238}U}$ (s$^{-1}$)'                   4:'fission rate $f_{^{239}Pu}$ (s$^{-1}$)'                   5:'fission rate $f_{^{241}Pu}$ (s$^{-1}$)'                   6:'thermal power (GW)'                   7:'fission rate $f_{Pu}$ (s$^{-1}$)'                   8:'fuel fraction $F_{^{235}U}$'                   9:'fuel fraction $F_{^{238}U}$'                   10:'fuel fraction $F_{^{239}Pu}$'                   11:'fuel fraction $F_{^{241}Pu}$' 
data_ranges = 2:{5661138902017096.0, 2.9235650349818626e+19} 3:{7.458277779361765e+16, 1.5167148845235395e+19} 4:{333650874681238.6, 3.816154096750937e+19} 5:{2.7510621028168376e+16, 2.7252037990648046e+19} 6:{0.8638620823477448, 1.5733515260902595} 7:{1.1135750879468754e+18, 4.1220549716476535e+19} 8:{0.00015928146559157622, 0.8184238539347992} 9:{0.002222076844729643, 0.5836822504131396} 10:{1.0946620661015336e-05, 0.8136927337819696} 11:{0.0007526779627879468, 0.7732430169208866}
lookup_keys = 0:0 1:1 2:2 3:3 4:4 5:5 6:6 7:7 8:8 9:9 10:10 11:11
