;This file of saved keys created by pippi v2.2 on Fri May  2 15:10:44 2025
quantity_labels = 0:'multiplicity'                   1:'-lnlike'                        2:'fission rate $f_{^{235}U}$ (s$^{-1}$)'                        3:'fission rate $f_{^{238}U}$ (s$^{-1}$)'                   4:'fission rate $f_{^{239}Pu}$ (s$^{-1}$)'                   5:'fission rate $f_{^{241}Pu}$ (s$^{-1}$)'                   6:'plutonium rate (kg/yr)'                    7:'thermal power (GW)'                   8:'fission rate $f_{Pu}$ (s$^{-1}$)'                   9:'fuel fraction $F_{^{235}U}$'                   10:'fuel fraction $F_{^{238}U}$'                   11:'fuel fraction $F_{^{239}Pu}$'                   12:'fuel fraction $F_{^{241}Pu}$' 
data_ranges = 6:{0.40371775506057866, 299.88952068661547} 7:{0.668241625930825, 1.3091031284319237} 9:{6.190851108910549e-05, 0.8730638822608867} 10:{0.00022798526496191978, 0.8044437215282285} 11:{0.00010529406438579268, 0.9415805664455061} 12:{6.744681238551632e-05, 0.8943977985114642}
lookup_keys = 0:0 1:1 2:2 3:3 4:4 5:5 6:6 7:7 8:8 9:9 10:10 11:11 12:12
