;This file of saved keys created by pippi v2.2 on Tue Dec 10 14:01:04 2024
quantity_labels = 0:'multiplicity'                   1:'-lnlike'                        2:'fission rate $f_{^{235}U}$ (s$^{-1}$)'                        3:'fission rate $f_{^{238}U}$ (s$^{-1}$)'                   4:'fission rate $f_{^{239}Pu}$ (s$^{-1}$)'                   5:'fission rate $f_{^{241}Pu}$ (s$^{-1}$)'                   6:'thermal power (GW)'                   7:'fission rate $f_{Pu}$ (s$^{-1}$)'                   8:'fuel fraction $F_{^{235}U}$'                   9:'fuel fraction $F_{^{238}U}$'                   10:'fuel fraction $F_{^{239}Pu}$'                   11:'fuel fraction $F_{^{241}Pu}$' 
data_ranges = 2:{1.7211968321473118e+16, 1.550294925374325e+19} 3:{6.777478571006792e+18, 1.1591866775599284e+19} 4:{1623239094530585.8, 1.3557634888966756e+19} 5:{1.4213214493399845e+17, 1.938617639780318e+19} 6:{0.9500629856587037, 1.0480385538438906} 7:{7.208902382788922e+18, 2.064729737295399e+19} 8:{0.000585502675921435, 0.5169092519327715} 9:{0.23180293045341385, 0.374076826570502} 10:{5.724539405303907e-05, 0.43751339911375137} 11:{0.004540625294207378, 0.6760160115291616}
lookup_keys = 0:0 1:1 2:2 3:3 4:4 5:5 6:6 7:7 8:8 9:9 10:10 11:11
