;This file of saved keys created by pippi v2.2 on Wed Apr  2 16:41:25 2025
quantity_labels = 0:'multiplicity'                   1:'-lnlike'                        2:'fission rate $f_{^{235}U}$ (s$^{-1}$)'                        3:'fission rate $f_{^{238}U}$ (s$^{-1}$)'                   4:'fission rate $f_{^{239}Pu}$ (s$^{-1}$)'                   5:'fission rate $f_{^{241}Pu}$ (s$^{-1}$)'                   6:'plutonium rate (kg/yr)'                    7:'thermal power (GW)'                   8:'fission rate $f_{Pu}$ (s$^{-1}$)'                   9:'fuel fraction $F_{^{235}U}$'                   10:'fuel fraction $F_{^{238}U}$'                   11:'fuel fraction $F_{^{239}Pu}$'                   12:'fuel fraction $F_{^{241}Pu}$' 
data_ranges = 6:{0.2976149534960078, 299.9907486605732} 7:{0.5800648257259898, 1.5207662944627465} 9:{0.00023528781016039354, 0.9266922175892759} 10:{7.404449468372931e-05, 0.7166474229062413} 11:{9.419671257442075e-05, 0.7508677521989531} 12:{9.524820231402828e-05, 0.9105416133285041}
lookup_keys = 0:0 1:1 2:2 3:3 4:4 5:5 6:6 7:7 8:8 9:9 10:10 11:11 12:12
