;This file of saved keys created by pippi v2.2 on Wed Apr  2 16:40:47 2025
quantity_labels = 0:'multiplicity'                   1:'-lnlike'                        2:'fission rate $f_{^{235}U}$ (s$^{-1}$)'                        3:'fission rate $f_{^{238}U}$ (s$^{-1}$)'                   4:'fission rate $f_{^{239}Pu}$ (s$^{-1}$)'                   5:'fission rate $f_{^{241}Pu}$ (s$^{-1}$)'                   6:'plutonium rate (kg/yr)'                    7:'thermal power (GW)'                   8:'fission rate $f_{Pu}$ (s$^{-1}$)'                   9:'fuel fraction $F_{^{235}U}$'                   10:'fuel fraction $F_{^{238}U}$'                   11:'fuel fraction $F_{^{239}Pu}$'                   12:'fuel fraction $F_{^{241}Pu}$' 
data_ranges = 6:{0.16365727971432256, 299.4707205283561} 7:{0.8634046979245205, 1.1451986839233401} 9:{9.797804039492292e-05, 0.848802353319183} 10:{4.485581780710175e-05, 0.4029783468047007} 11:{0.0003075396893311175, 0.8159724237166763} 12:{0.00025257262077401326, 0.9403451762796614}
lookup_keys = 0:0 1:1 2:2 3:3 4:4 5:5 6:6 7:7 8:8 9:9 10:10 11:11 12:12
