;This file of saved keys created by pippi v2.2 on Wed Nov 27 12:59:25 2024
quantity_labels = 0:'multiplicity'                   1:'-lnlike'                        2:'thermal power (GW)'                   3:'$f_{^{235}U}$'                        4:'$f_{^{238}U}$'                   5:'$f_{^{239}Pu}$'                   6:'$f_{^{241}Pu}$' 
data_ranges = 2:{2.8740434624540014e-06, 5.138797077971981e-06} 3:{0.0003370046615600586, 0.9049504995346069} 4:{0.033740460872650146, 0.5287812948226929} 5:{0.00022922687107074236, 0.5384401679039001} 6:{4.1128904068488126e-05, 0.7667141556739807}
lookup_keys = 0:0 1:1 2:2 3:3 4:4 5:5 6:6
