;This file of saved keys created by pippi v2.2 on Wed Mar 12 11:34:16 2025
quantity_labels = 0:'multiplicity'                   1:'-lnlike'                        2:'fission rate $f_{^{235}U}$ (s$^{-1}$)'                        3:'fission rate $f_{^{238}U}$ (s$^{-1}$)'                   4:'fission rate $f_{^{239}Pu}$ (s$^{-1}$)'                   5:'fission rate $f_{^{241}Pu}$ (s$^{-1}$)'                   6:'thermal power (GW)'                   7:'fission rate $f_{Pu}$ (s$^{-1}$)'                   8:'fuel fraction $F_{^{235}U}$'                   9:'fuel fraction $F_{^{238}U}$'                   10:'fuel fraction $F_{^{239}Pu}$'                   11:'fuel fraction $F_{^{241}Pu}$' 
data_ranges = 6:{2.738327013547097, 3.2737751335874212} 7:{1.3711935749115904e+19, 8.700394126473313e+19} 8:{0.0009171638789498349, 0.8187243710386028} 9:{0.00044624718941961035, 0.278552306915898} 10:{0.006531309369019612, 0.7439408194609036} 11:{0.00017012584538379484, 0.758671563502294}
lookup_keys = 0:0 1:1 2:2 3:3 4:4 5:5 6:6 7:7 8:8 9:9 10:10 11:11
