;This file of saved keys created by pippi v2.2 on Wed Feb 19 13:40:29 2025
quantity_labels = 0:'multiplicity'                   1:'-lnlike'                        2:'fission rate $f_{^{235}U}$ (s$^{-1}$)'                        3:'fission rate $f_{^{238}U}$ (s$^{-1}$)'                   4:'fission rate $f_{^{239}Pu}$ (s$^{-1}$)'                   5:'fission rate $f_{^{241}Pu}$ (s$^{-1}$)'                   6:'thermal power (GW)'                   7:'fission rate $f_{Pu}$ (s$^{-1}$)'                   8:'fuel fraction $F_{^{235}U}$'                   9:'fuel fraction $F_{^{238}U}$'                   10:'fuel fraction $F_{^{239}Pu}$'                   11:'fuel fraction $F_{^{241}Pu}$' 
data_ranges = 2:{1.4255961332359805e+17, 9.20899981183449e+19} 3:{2.4050708049885744e+16, 6.159866004397153e+19} 4:{5.018332864932716e+16, 1.0898640884644268e+20} 5:{2.4142644974278444e+16, 8.327200419822218e+19} 6:{2.139168733496465, 4.931877194872546} 7:{6.40078737823981e+18, 1.2116958752112381e+20} 8:{0.00137393398143241, 0.8504829048811593} 9:{0.0001972751715807324, 0.7840812813162915} 10:{0.0005352791782221687, 0.7981283562836758} 11:{0.00018634589732672408, 0.8523387258233722}
lookup_keys = 0:0 1:1 2:2 3:3 4:4 5:5 6:6 7:7 8:8 9:9 10:10 11:11
