;This file of saved keys created by pippi v2.2 on Tue Apr 15 12:10:23 2025
quantity_labels = 0:'multiplicity'                   1:'-lnlike'                        2:'fission rate $f_{^{235}U}$ (s$^{-1}$)'                        3:'fission rate $f_{^{238}U}$ (s$^{-1}$)'                   4:'fission rate $f_{^{239}Pu}$ (s$^{-1}$)'                   5:'fission rate $f_{^{241}Pu}$ (s$^{-1}$)'                   6:'plutonium rate (kg/yr)'                    7:'thermal power (GW)'                   8:'fission rate $f_{Pu}$ (s$^{-1}$)'                   9:'fuel fraction $F_{^{235}U}$'                   10:'fuel fraction $F_{^{238}U}$'                   11:'fuel fraction $F_{^{239}Pu}$'                   12:'fuel fraction $F_{^{241}Pu}$' 
data_ranges = 6:{0.10082193474027422, 299.3706523790307} 7:{0.6009628071811048, 2.2852722166081247} 9:{0.00018891253140013774, 0.8842763065463306} 10:{0.0003556972730382837, 0.8533095033005899} 11:{0.0003552598660375884, 0.9020404986366442} 12:{0.0004986612896349496, 0.836692900241424}
lookup_keys = 0:0 1:1 2:2 3:3 4:4 5:5 6:6 7:7 8:8 9:9 10:10 11:11 12:12
