;This file of saved keys created by pippi v2.2 on Tue Dec 10 15:09:09 2024
quantity_labels = 0:'multiplicity'                   1:'-lnlike'                        2:'fission rate $f_{^{235}\mathrm{U}}$ (s$^{-1}$)'                        3:'fission rate $f_{^{238}\mathrm{U}}$ (s$^{-1}$)'                   4:'fission rate $f_{^{239}\mathrm{Pu}}$ (s$^{-1}$)'                   5:'fission rate $f_{^{241}\mathrm{Pu}}$ (s$^{-1}$)'                   6:'thermal power (GW)'                   7:'fission rate $f_{Pu}$ (s$^{-1}$)'                   8:'fuel fraction $F_{^{235}\mathrm{U}}$'                   9:'fuel fraction $F_{^{238}\mathrm{U}}$'                   10:'fuel fraction $F_{^{239}\mathrm{Pu}}$'                   11:'fuel fraction $F_{^{241}\mathrm{Pu}}$' 
data_ranges = 2:{2.5810535818491876e+16, 1.268546550093127e+19} 3:{6.841759577979111e+18, 1.1139485073398178e+19} 4:{7.651774754012754e+17, 1.115518870079932e+19} 5:{4.815967712999153e+18, 1.3466647644019573e+19} 6:{0.9854510910559137, 1.0139592752883189} 7:{9.395017324843862e+18, 1.9961665227047117e+19} 8:{0.000857427851375746, 0.4242144904706112} 9:{0.23004890742015863, 0.36811352929657926} 10:{0.025728504515876768, 0.36863246869703664} 11:{0.15868735146224477, 0.45265868246205043}
lookup_keys = 0:0 1:1 2:2 3:3 4:4 5:5 6:6 7:7 8:8 9:9 10:10 11:11
