;This file of saved keys created by pippi v2.2 on Tue Apr 15 12:09:20 2025
quantity_labels = 0:'multiplicity'                   1:'-lnlike'                        2:'fission rate $f_{^{235}U}$ (s$^{-1}$)'                        3:'fission rate $f_{^{238}U}$ (s$^{-1}$)'                   4:'fission rate $f_{^{239}Pu}$ (s$^{-1}$)'                   5:'fission rate $f_{^{241}Pu}$ (s$^{-1}$)'                   6:'plutonium rate (kg/yr)'                    7:'thermal power (GW)'                   8:'fission rate $f_{Pu}$ (s$^{-1}$)'                   9:'fuel fraction $F_{^{235}U}$'                   10:'fuel fraction $F_{^{238}U}$'                   11:'fuel fraction $F_{^{239}Pu}$'                   12:'fuel fraction $F_{^{241}Pu}$' 
data_ranges = 6:{0.024672819842485042, 299.3968499433709} 7:{0.43875862278595296, 1.9575155310544714} 9:{0.00048235651268508804, 0.8995809916282943} 10:{0.0003851598874585551, 0.705154968233675} 11:{0.0007243921147215066, 0.8795831981658746} 12:{0.00036277563900535413, 0.8912004047939944}
lookup_keys = 0:0 1:1 2:2 3:3 4:4 5:5 6:6 7:7 8:8 9:9 10:10 11:11 12:12
