;This file of saved keys created by pippi v2.2 on Fri Mar 28 16:20:31 2025
quantity_labels = 0:'multiplicity'                   1:'-lnlike'                        2:'fission rate $f_{^{235}U}$ (s$^{-1}$)'                        3:'fission rate $f_{^{238}U}$ (s$^{-1}$)'                   4:'fission rate $f_{^{239}Pu}$ (s$^{-1}$)'                   5:'fission rate $f_{^{241}Pu}$ (s$^{-1}$)'                   6:'plutonium rate (kg/yr)'                    7:'thermal power (GW)'                   8:'fission rate $f_{Pu}$ (s$^{-1}$)'                   9:'fuel fraction $F_{^{235}U}$'                   10:'fuel fraction $F_{^{238}U}$'                   11:'fuel fraction $F_{^{239}Pu}$'                   12:'fuel fraction $F_{^{241}Pu}$' 
data_ranges = 6:{39.83802603897318, 215.26694748000776} 7:{0.9237026478081182, 1.1122167429591556} 9:{0.059969825744046745, 0.6479505090170764} 10:{0.0016575237006316102, 0.2261740885110474} 11:{0.13669510168746807, 0.6170101294420823} 12:{0.0020318886621508766, 0.2756161824158922}
lookup_keys = 0:0 1:1 2:2 3:3 4:4 5:5 6:6 7:7 8:8 9:9 10:10 11:11 12:12
