;This file of saved keys created by pippi v2.2 on Fri Mar 28 16:20:51 2025
quantity_labels = 0:'multiplicity'                   1:'-lnlike'                        2:'fission rate $f_{^{235}U}$ (s$^{-1}$)'                        3:'fission rate $f_{^{238}U}$ (s$^{-1}$)'                   4:'fission rate $f_{^{239}Pu}$ (s$^{-1}$)'                   5:'fission rate $f_{^{241}Pu}$ (s$^{-1}$)'                   6:'plutonium rate (kg/yr)'                   7:'thermal power (GW)'                   8:'fission rate $f_{Pu}$ (s$^{-1}$)'                   9:'fuel fraction $F_{^{235}U}$'                   10:'fuel fraction $F_{^{238}U}$'                   11:'fuel fraction $F_{^{239}Pu}$'                   12:'fuel fraction $F_{^{241}Pu}$' 
data_ranges = 6:{2.5282857287417295, 296.24148514592486} 7:{0.9475697235964818, 1.069263777906529} 9:{0.0002199459794096126, 0.8146092989887012} 10:{1.0832642798947183e-05, 0.2701913787747147} 11:{0.0001637229169760155, 0.717152912814517} 12:{0.00010470110118877182, 0.6063913582403039}
lookup_keys = 0:0 1:1 2:2 3:3 4:4 5:5 6:6 7:7 8:8 9:9 10:10 11:11 12:12
