;This file of saved keys created by pippi v2.2 on Wed Mar 12 11:34:33 2025
quantity_labels = 0:'multiplicity'                   1:'-lnlike'                        2:'fission rate $f_{^{235}U}$ (s$^{-1}$)'                        3:'fission rate $f_{^{238}U}$ (s$^{-1}$)'                   4:'fission rate $f_{^{239}Pu}$ (s$^{-1}$)'                   5:'fission rate $f_{^{241}Pu}$ (s$^{-1}$)'                   6:'thermal power (GW)'                   7:'fission rate $f_{Pu}$ (s$^{-1}$)'                   8:'fuel fraction $F_{^{235}U}$'                   9:'fuel fraction $F_{^{238}U}$'                   10:'fuel fraction $F_{^{239}Pu}$'                   11:'fuel fraction $F_{^{241}Pu}$' 
data_ranges = 6:{2.769586328042478, 3.293914857395828} 7:{1.1633766468621318e+19, 8.658776066580837e+19} 8:{0.0002811671873291229, 0.8400571811194794} 9:{0.00019862686071452803, 0.2722902604748728} 10:{0.00246785312482666, 0.744886049101816} 11:{0.00039006718170990913, 0.8537579419511497}
lookup_keys = 0:0 1:1 2:2 3:3 4:4 5:5 6:6 7:7 8:8 9:9 10:10 11:11
