;This file of saved keys created by pippi v2.2 on Tue Apr 15 14:39:13 2025
quantity_labels = 0:'multiplicity'                   1:'-lnlike'                        2:'fission rate $f_{^{235}U}$ (s$^{-1}$)'                        3:'fission rate $f_{^{238}U}$ (s$^{-1}$)'                   4:'fission rate $f_{^{239}Pu}$ (s$^{-1}$)'                   5:'fission rate $f_{^{241}Pu}$ (s$^{-1}$)'                   6:'plutonium rate (kg/yr)'                    7:'thermal power (GW)'                   8:'fission rate $f_{Pu}$ (s$^{-1}$)'                   9:'fuel fraction $F_{^{235}U}$'                   10:'fuel fraction $F_{^{238}U}$'                   11:'fuel fraction $F_{^{239}Pu}$'                   12:'fuel fraction $F_{^{241}Pu}$' 
data_ranges = 6:{0.11224204631642294, 299.86727890740207} 7:{0.45533021661138245, 2.3666207733811406} 9:{1.6547898614410113e-05, 0.8621887024677938} 10:{8.330032502945527e-05, 0.8194559034478898} 11:{0.0001385488780729561, 0.9047115162566136} 12:{3.6196615563028397e-05, 0.8766746615491269}
lookup_keys = 0:0 1:1 2:2 3:3 4:4 5:5 6:6 7:7 8:8 9:9 10:10 11:11 12:12
