;This file of saved keys created by pippi v2.2 on Tue Apr 15 12:12:28 2025
quantity_labels = 0:'multiplicity'                   1:'-lnlike'                        2:'fission rate $f_{^{235}U}$ (s$^{-1}$)'                        3:'fission rate $f_{^{238}U}$ (s$^{-1}$)'                   4:'fission rate $f_{^{239}Pu}$ (s$^{-1}$)'                   5:'fission rate $f_{^{241}Pu}$ (s$^{-1}$)'                   6:'plutonium rate (kg/yr)'                    7:'thermal power (GW)'                   8:'fission rate $f_{Pu}$ (s$^{-1}$)'                   9:'fuel fraction $F_{^{235}U}$'                   10:'fuel fraction $F_{^{238}U}$'                   11:'fuel fraction $F_{^{239}Pu}$'                   12:'fuel fraction $F_{^{241}Pu}$' 
data_ranges = 6:{0.3430030887525885, 299.89414896265146} 7:{0.6312617333206065, 1.4647012997806717} 9:{0.0001859800196481355, 0.9039391354144201} 10:{1.4641272327129605e-05, 0.8083915727906554} 11:{0.0001124584672814286, 0.9220798874116471} 12:{7.5336970690924975e-06, 0.8740400832089419}
lookup_keys = 0:0 1:1 2:2 3:3 4:4 5:5 6:6 7:7 8:8 9:9 10:10 11:11 12:12
