;This file of saved keys created by pippi v2.2 on Fri Mar  7 13:55:27 2025
quantity_labels = 0:'multiplicity'                   1:'-lnlike'                        2:'fission rate $f_{^{235}U}$ (s$^{-1}$)'                        3:'fission rate $f_{^{238}U}$ (s$^{-1}$)'                   4:'fission rate $f_{^{239}Pu}$ (s$^{-1}$)'                   5:'fission rate $f_{^{241}Pu}$ (s$^{-1}$)'                   6:'thermal power (GW)'                   7:'fission rate $f_{Pu}$ (s$^{-1}$)'                   8:'fuel fraction $F_{^{235}U}$'                   9:'fuel fraction $F_{^{238}U}$'                   10:'fuel fraction $F_{^{239}Pu}$'                   11:'fuel fraction $F_{^{241}Pu}$' 
data_ranges = 2:{1.6521726722765728e+17, 8.162144637348392e+19} 3:{7361298354576985.0, 2.923032637376144e+19} 4:{4.456915739620874e+16, 1.0494838470669797e+20} 5:{3.374793458005115e+16, 7.59203077627744e+19} 6:{1.9202055530642694, 4.238340191013403} 7:{4.5599413880821345e+18, 1.167341458288708e+20} 8:{0.001521763535104412, 0.9096990989901192} 9:{7.544702369182984e-05, 0.48493893724122655} 10:{0.0005550661363095128, 0.8515419228542852} 11:{0.00039381762977494126, 0.9274413523465964}
lookup_keys = 0:0 1:1 2:2 3:3 4:4 5:5 6:6 7:7 8:8 9:9 10:10 11:11
