;This file of saved keys created by pippi v2.2 on Sat Nov 30 16:04:04 2024
quantity_labels = 0:'multiplicity'                   1:'-lnlike'                        2:'fission rate $f_{^{235}U}$ (s$^{-1}$)'                        3:'fission rate $f_{^{238}U}$ (s$^{-1}$)'                   4:'fission rate $f_{^{239}Pu}$ (s$^{-1}$)'                   5:'fission rate $f_{^{241}Pu}$ (s$^{-1}$)'                   6:'thermal power (GW)'                   7:'fission rate $f_{Pu}$ (s$^{-1}$)'                   8:'fuel fraction $F_{^{235}U}$'                   9:'fuel fraction $F_{^{238}U}$'                   10:'fuel fraction $F_{^{239}Pu}$'                   11:'fuel fraction $F_{^{241}Pu}$' 
data_ranges = 2:{1.2646876805548564e+16, 2.5013120340992705e+19} 3:{1.520950903436461e+16, 1.3403096033316866e+19} 4:{9587169927337102.0, 3.9947107303188234e+19} 5:{6041192173137773.0, 2.5884553290455835e+19} 6:{0.6308424379521331, 1.4060999084934862} 7:{3.097778645607227e+18, 4.04696477695781e+19} 8:{0.00043049757256711184, 0.8167557844084024} 9:{0.00040547251311602833, 0.6755192525244053} 10:{0.00035694784900929633, 0.9550974990257973} 11:{0.00021365412157398262, 0.946670256079447}
lookup_keys = 0:0 1:1 2:2 3:3 4:4 5:5 6:6 7:7 8:8 9:9 10:10 11:11
