;This file of saved keys created by pippi v2.2 on Fri Mar  7 13:59:10 2025
quantity_labels = 0:'multiplicity'                   1:'-lnlike'                        2:'fission rate $f_{^{235}U}$ (s$^{-1}$)'                        3:'fission rate $f_{^{238}U}$ (s$^{-1}$)'                   4:'fission rate $f_{^{239}Pu}$ (s$^{-1}$)'                   5:'fission rate $f_{^{241}Pu}$ (s$^{-1}$)'                   6:'thermal power (GW)'                   7:'fission rate $f_{Pu}$ (s$^{-1}$)'                   8:'fuel fraction $F_{^{235}U}$'                   9:'fuel fraction $F_{^{238}U}$'                   10:'fuel fraction $F_{^{239}Pu}$'                   11:'fuel fraction $F_{^{241}Pu}$' 
data_ranges = 2:{2637040322672128.5, 2.3102668282836234e+18} 3:{234012449663799.06, 1.7247670112192435e+18} 4:{576892397183337.5, 3.430710335284265e+18} 5:{1272062275560291.8, 2.650342487178356e+18} 6:{0.06089976105391935, 0.14866807103827395} 7:{2.6592016289527942e+17, 3.9865124661963003e+18} 8:{0.0009603844450640792, 0.805734986369875} 9:{5.874389219257752e-05, 0.6805220911996833} 10:{0.00018241969308596562, 0.7736134741920244} 11:{0.0004359168576154241, 0.858969057898899}
lookup_keys = 0:0 1:1 2:2 3:3 4:4 5:5 6:6 7:7 8:8 9:9 10:10 11:11
